 Run semi-empirical minimization
 &qmmm
 qm_theory='AM1', qmcharge=0,
 /
 6 C1       1.66904497      -0.17347998       0.03193123
 6 C2       2.24808635       0.90433764      -0.64967769
 6 C3       2.52401598      -1.10139752       0.55901459
 6 C4       3.61621017       0.99165994      -0.76320901
 6 C5       3.91554753      -1.01523566       0.44515931
 7 N1      -0.55040141       0.71470714      -0.41075929
 6 C6       4.47064958       0.05146241      -0.22862668
 6 C7      -1.89514841       0.71693216      -0.35276450
 6 C8      -2.50296691      -0.31962610       0.30501665
 6 C9      -4.63783615       0.68154596      -0.21016641
 7 N2      -4.00213586       1.67928387      -0.84555139
 6 C10      -3.88302686      -0.31124573       0.36083138
 6 C11      -2.65223424       1.72359024      -0.93210157
 6 C12      -1.74224881      -1.31098331       0.87488489
 7 N3      -0.39040711      -1.24223252       0.77337389
 6 C13       0.22077421      -0.23738577       0.13474816
 8 O1      -2.33516911      -2.24241645       1.46801825
 1 H1       1.58534699       1.65543634      -1.07761699
 1 H2       2.10427832      -1.94775520       1.09270936
 17 Cl1       4.27529888       2.37048532      -1.63156927
 1 H3       4.52728742      -1.78905972       0.88918800
 1 H4      -4.35719601      -1.13136311       0.88096423
 1 H5       0.11047002      -2.02872689       1.23000764
 1 H6      -2.13443030       2.51631401      -1.43748729
 1 H7      -5.72963813       0.68909451      -0.16656938
 1 H8       5.54582888       0.15605844      -0.33974811
